3140 Αντωνία Νικολάου 1 2 3 4 5 6 7 8 9 10 11 12 24 25 27 28 29 1 1
3141 Ευγενία Βασιλείου 1 2 3 4 5 6 7 8 9 10 11 12 24 25 27 28 29 1 1
3142 Καλλιόπη Αντωνοπούλου 1 2 3 4 5 6 7 8 9 10 11 12 24 25 27 28 29 1 1
3143 Ελένη Παπαβασιλείου 1 2 3 4 5 6 7 8 9 10 11 12 24 25 27 28 29 1 1
3144 Φωτεινή Αποστόλου 1 2 3 4 5 6 7 8 9 10 11 12 24 25 27 28 29 1 1
3145 Γιώργος Καλογερίδης 13 14 15 16 17 18 1 1
3146 Φίλιππος Παπαδάκης 13 14 15 16 17 18 1 1
3147 Κατερίνα Παπαδοπούλου 13 14 15 16 17 18 1 1
3148 Νίκος Οικονόμου 19 20 21 22 23 1 1
3149 Μαργαρίτα Ελευθεριάδη 26 30 1 1
3150 Κυριάκος Αντωνίου 31 32 33 1 1
3151 Μαρίνα Μαυρίδη 34 35 36 1 1
3152 Πέτρος Αποστολάκης 37 38 39 1 1
3153 Ορέστης Κοτζαμάνης 40 41 42 1 1
3154 Δημήτρης Παππάς 43 44 45 46 47 48 1 1
3155 Αντρέας Παρασκευόπουλος 49 50 51 1 1
3156 Λίλιαν Δρίτσα 52 53 54 1 1